acc_bias_x: -1.176904
acc_bias_y: 2.082775
acc_bias_z: -0.328919
ang_bias_x: 0.003033
ang_bias_y: 0.005737
ang_bias_z: 0.001789
ang_z2x_proj: 0.1087
ang_z2y_proj: -0.185
